301, 35
336, 35
317, 57
343, 53
311, 107
	331, 102
239, 134
195, 157
109, 142
	78, 103
353, 145
395, 167
412, 200
487, 180
443, 36
	588, 166
675, 98
676, 64
659, 64
691, 63
742, 109
907, 139
930, 84
948, 38
1121, 157
	1161, 109
1185, 114
1138, 171
1108, 181
1083, 214
1012, 242
887, 193
	853, 209
	816, 310
702, 291
707, 247
730, 228
603, 292
	503, 310
453, 292
438, 260
396, 277
349, 296
309, 321
	287, 295
204, 287
76, 158
	288, 335
252, 359
156, 352
130, 376
15, 294
				111, 398
12, 336
162, 434
78, 587
88, 610
81, 687
	263, 496
342, 480
	364, 419
363, 495
	304, 584
	257, 563
198, 609
189, 689
331, 619
432, 660
	435, 687
421, 545
521, 631
517, 685
537, 633
715, 563
	726, 526
579, 534
547, 460
508, 475
651, 440
648, 391
	593, 343
585, 294
	685, 440
713, 415
779, 426
796, 380
807, 470
	783, 524
749, 532
906, 545
954, 685
984, 684
978, 623
	927, 530
1157, 545
1150, 607
1161, 683
1122, 480
1073, 462
1007, 507
	958, 500
1000, 463
925, 404
862, 407
946, 376
946, 337
	984, 281
1036, 279
1111, 326
1111, 347
1074, 383
1069, 402
	1151, 315
1147, 295
1227, 283
1227, 300
	1144, 461
1141, 472
1237, 406
1251, 574
1193, 593
1200, 681
659, 35
690, 35
1156, 35